1.7902054771735358e+00
1.5664102214232134e+00
1.0652022864973183e+00
1.9715470825189478e+00
1.5489263071440749e+00
1.6267163570163383e+00
1.5191617871258229e+00
1.4352352081030770e+00
1.8730276212436276e+00
1.2790211049276503e+00
1.3442233914249686e+00
1.7688553839776922e+00
1.2566852831545683e+00
1.0800921954587532e+00
1.2523833533061590e+00
1.9531198167023807e+00
1.1571213734136527e+00
1.6638966652862246e+00
1.9158726841750893e+00
1.8632998358753043e+00
1.5906400590160117e+00
1.9044265006223817e+00
1.7501324381447083e+00
1.6784283447444572e+00
1.4126847537293494e+00
1.5043013563865335e+00
1.9290461544548376e+00
1.9776509427361426e+00
1.6095591674603331e+00
1.5018996188891585e+00
1.6564077346848360e+00
1.2981192023950252e+00
1.2101170496130906e+00
1.7048426255140652e+00
1.9602494896204441e+00
1.3739219086123267e+00
1.5396096466759266e+00
1.3129285668548796e+00
1.2796255910208567e+00
1.8186203450051233e+00
1.2077552751674108e+00
1.6312285143096132e+00
1.8173144426277439e+00
1.5018739032102162e+00
1.2162303106003582e+00
1.2893151977515385e+00
1.0166464354920417e+00
1.7214890628687520e+00
1.6525259970931923e+00
1.3985602540888640e+00
1.1416836269859614e+00
1.6558720137252809e+00
1.3079787233415892e+00
1.9921764736027348e+00
1.9165479191190320e+00
1.9257118091572596e+00
1.2966438794027286e+00
1.8946256529980459e+00
1.4531222192817936e+00
1.0129258390576232e+00
1.9355668187772701e+00
1.7302231494012397e+00
1.1634572111831314e+00
1.7384898703258904e+00
1.8088510971557588e+00
1.3505745121979036e+00
1.3749609442311157e+00
1.4451025279448846e+00
1.7590039282846281e+00
1.0143142975933450e+00
1.7528041679192354e+00
1.4845726473650767e+00
1.8141928654230166e+00
1.6510269738040058e+00
1.7216849535338976e+00
1.5562327991035918e+00
1.7128300390731683e+00
1.8878621686659112e+00
1.4850351347052655e+00
1.5529538153451652e+00
1.6049199405149184e+00
1.2901800425211807e+00
1.4313931280893242e+00
1.3645943181424376e+00
1.6290884672799559e+00
1.8313743643608755e+00
1.9773079478076232e+00
1.5442984479220110e+00
1.0216341931473623e+00
1.4586712552507739e+00
1.1966498401931720e+00
1.8435316778922135e+00
1.3756780421248069e+00
1.3982371857381599e+00
1.5268085787663277e+00
1.2060331442421457e+00
1.2136891820531754e+00
1.4764451237751381e+00
1.6792810711447528e+00
1.9346248400093171e+00
1.2803608161771487e+00
1.3953496852868001e+00
1.6785980037779538e+00
1.9019636478749866e+00
1.1453095991841096e+00
1.8840374578181829e+00
1.7920823529325809e+00
1.4389307594108072e+00
1.8014094349003442e+00
1.9239838053118361e+00
1.6188950467011403e+00
1.0583173744652035e+00
1.0240190904699356e+00
1.6115032083408456e+00
1.1315706018971143e+00
1.2542423886499565e+00
1.7504656485982544e+00
1.0045019183328849e+00
1.0228365678446538e+00
1.7246448531395964e+00
1.7450591198844179e+00
1.6285567323810219e+00
1.7644465513361833e+00
1.9324755449464897e+00
1.6678184311221440e+00
1.5933677519640734e+00
1.1318535861241881e+00
1.4505917618286759e+00
1.1939987280378113e+00
1.5759279935508630e+00
1.9881301564109186e+00
1.0698264129785013e+00
1.2348929737857044e+00
1.2970417199176931e+00
1.8904094718817666e+00
1.8791513428460580e+00
1.8765442300944328e+00
1.7350613813544911e+00
1.7641106735747822e+00
1.8427662443568773e+00
1.4391107542622419e+00
1.7960109323244593e+00
1.2354419735425348e+00
1.9705033548970257e+00
1.0756430197859383e+00
1.0362937413325040e+00
1.6922586190943880e+00
1.6213455240341581e+00
1.4893032556815553e+00
1.7362648978532595e+00
1.6686614028497884e+00
1.8119079176391977e+00
1.7049551441822923e+00
1.5066769702856786e+00
1.9102075364953874e+00
1.0554650277157618e+00
1.6432976911977388e+00
1.4799572846293252e+00
1.4034279121101965e+00
1.2822278702083174e+00
1.9762748875544756e+00
1.7628368552601137e+00
1.1388654206594757e+00
1.1426657532074795e+00
1.8037874963152163e+00
1.2006715406666844e+00
1.7562544517015359e+00
1.2137575951468933e+00
1.4058166166794563e+00
1.6291003733077554e+00
1.9765944504070070e+00
1.5446820392015772e+00
1.2322091312297663e+00
1.2240887099057849e+00
1.6753486677423812e+00
1.9009422459178336e+00
1.0666023250979382e+00
1.8228567767994743e+00
1.8580959648164437e+00
1.0647099037024703e+00
1.2929426339887746e+00
1.1756612175030918e+00
1.0954527967122629e+00
1.0203048121278662e+00
1.3130315282908416e+00
1.7639341935347459e+00
1.1735788491431525e+00
1.3376439811371472e+00
1.9794332166106594e+00
1.3714336046816007e+00
1.6643762405330205e+00
1.0279204603414611e+00
1.3856164814837353e+00
1.4059212936116017e+00
1.9572831117349132e+00
1.3801709918212941e+00
1.6932025201121357e+00
1.3867255581481035e+00
1.5199039506352992e+00
1.3250601404928881e+00
1.5478244109767603e+00
1.4578361252592114e+00
1.8434526086055918e+00
1.4883449973949907e+00
1.1530593429473506e+00
1.8462618630594863e+00
1.6406475848707593e+00
1.0217395611208582e+00
1.5048875252273342e+00
1.3367385772693616e+00
1.2506957968001700e+00
1.1887304243579182e+00
1.7085319220593813e+00
1.4380983377052929e+00
1.8869030200349646e+00
1.3899622989771712e+00
1.1179048941088396e+00
1.5560032318141328e+00
1.5757665208428011e+00
1.7835914999170188e+00
1.7361011750698561e+00
1.4223052078961884e+00
1.4089330622967953e+00
1.7988953631366116e+00
1.8876701541653229e+00
1.5684742967451337e+00
1.9313924708084169e+00
1.1138101518684114e+00
1.3070135062127437e+00
1.6908885299651364e+00
1.7159465703721841e+00
1.4027427231905716e+00
1.4166967237445975e+00
1.2729392593134843e+00
1.8976619266428343e+00
1.9842848223560885e+00
1.5043196531498431e+00
1.7699431836465109e+00
1.5335520322125182e+00
1.7383097283254889e+00
1.0113111753069381e+00
1.7016524228740728e+00
1.1789178793220398e+00
1.4518571386355241e+00
1.8290266771004660e+00
1.7739706434188274e+00
1.6188420265069428e+00
